

bestPath =[46 48 40 36 32 29 30 26 25 23 19 16 17 14 13 8 7 3 6 12 18 21 24 31 34 33 39 42 43 37 38 35 27 15 9 1 5 4 2 10 11 22 28 20 49 50 45 41 44 47];
